                                                brff1062.txt 27.5  4.9  440
  4.5  2.3  2.3 84.1  0.0  0.0  0.0  2.3  6.8  9.1  2.3  0.0  0.0  2.3  0.0
  4.5  4.5  4.5  2.3  0.0  0.0265.9134.1 38.6 11.4  9.1  2.3  4.5  0.0  4.5
  2.3  4.5115.9  4.5  4.5 20.5 11.4  6.8  0.0  4.5  6.8  9.1  4.5 15.9  0.0
  2.3  0.0  2.3  6.8  2.3 18.2 11.4 18.2  4.5  6.8 56.8 15.9  2.3106.8  2.3
  4.5  0.0  0.0  0.0  0.0  0.0  0.0  0.0  0.0  0.0  0.0  0.0  0.0  0.0  0.0
  0.0  0.0  0.0  6.8  0.0  0.0  2.3  0.0  0.0  2.3  0.0  0.0  2.3  2.3  0.0
  0.0  0.0  6.8  0.0  0.0  0.0  0.0  0.0  0.0  0.0  0.0  0.0  2.3  2.3  0.0
  9.1  2.3  4.5 15.9  6.8  0.0  6.8  4.5  0.0  0.0  0.0  0.0  0.0  0.0  0.0
  0.0  0.0  0.0  0.0  0.0  0.0  0.0  9.1 25.0 22.7 34.1  6.8 11.4  2.3  4.5
  0.0  0.0  0.0  0.0  0.0  2.3  4.5 13.6 18.2 13.6  2.3  0.0  2.3  0.0  0.0
     -7.69     -3.67     11.25      3.97      2.36  6.8  0.0  2.3  0.0  0.0
                                                brff1063.txt 33.8  4.5  466
 10.7  0.0  0.0105.2  0.0  0.0  2.1  4.3  4.3 17.2  0.0  0.0  0.0  4.3  0.0
  0.0  2.1 10.7  6.4  0.0  0.0246.8 70.8 40.8 19.3 21.5  4.3  0.0  0.0  6.4
  0.0  4.3 42.9  0.0  0.0 30.0 25.8 10.7  2.1 12.9  2.1  2.1  6.4  8.6  0.0
  0.0  0.0  2.1  4.3  6.4 23.6 23.6  8.6  2.1  6.4 64.4 25.8  4.3156.7 15.0
 21.5  0.0  0.0  0.0  0.0  0.0  0.0  0.0  0.0  0.0  0.0  0.0  0.0  0.0  0.0
  0.0  0.0  0.0  2.1  0.0  0.0  4.3  0.0  0.0  0.0  0.0  0.0  0.0  0.0  0.0
  4.3  0.0  6.4  2.1  0.0  0.0  0.0  0.0  0.0  0.0  0.0  2.1  4.3  0.0  0.0
  6.4  0.0  0.0  6.4 12.9  0.0 12.9  6.4  0.0  0.0  0.0  0.0  0.0  0.0  0.0
  0.0  0.0  0.0  0.0  0.0  0.0  0.0 21.5  6.4  4.3 23.6  8.6  4.3  6.4  8.6
  8.6  2.1  0.0  0.0  6.4  2.1  4.3 47.2  4.3 19.3  4.3  0.0 12.9  8.6  0.0
     -3.51     -3.31      7.06      4.37      1.70  0.0  0.0  0.0  0.0  0.0
                                                brff1064.txt 30.3  4.8  513
 11.7  0.0  0.0109.2  0.0  0.0  3.9  7.8 25.3 17.5  7.8  3.9  0.0  1.9  0.0
  1.9  0.0  9.7  7.8  0.0  1.9208.6 95.5 54.6  9.7 21.4  0.0  5.8  0.0  0.0
  0.0 13.6 40.9  3.9  0.0 58.5 23.4  7.8  1.9  5.8  5.8  1.9 11.7  5.8  3.9
  0.0  7.8  9.7  1.9 11.7 23.4 39.0  9.7  0.0  0.0101.4 46.8  1.9136.5  3.9
  9.7  0.0  0.0  0.0  0.0  0.0  0.0  0.0  0.0  0.0  0.0  0.0  0.0  0.0  0.0
  0.0  0.0  0.0  3.9  1.9  0.0  3.9  0.0  0.0  3.9  0.0  0.0  0.0  0.0  0.0
  0.0  1.9  0.0  0.0  0.0  1.9  0.0  3.9  0.0  1.9  0.0  0.0 13.6  0.0  0.0
  9.7  3.9  0.0 13.6  1.9  5.8  9.7 13.6  0.0  0.0  0.0  0.0  0.0  0.0  0.0
  0.0  0.0  0.0  0.0  0.0  0.0  0.0 23.4  9.7  5.8 21.4  9.7  0.0  7.8  3.9
  0.0  1.9  1.9  0.0  0.0  1.9  9.7 23.4 11.7 15.6  9.7  5.8  5.8  1.9  0.0
     -2.81     -3.37      4.43      2.10      7.57  1.9  1.9  1.9  0.0  0.0
                                                brff1065.txt 32.3  4.7  516
  5.8  0.0  1.9 85.3  0.0  0.0  1.9  0.0  1.9 17.4  1.9  0.0  0.0  3.9  0.0
  5.8  0.0  5.8  3.9  0.0  0.0263.6112.4 56.2 11.6 15.5  3.9  0.0  1.9  7.8
  0.0  5.8 73.6 11.6  1.9 36.8 25.2  3.9  0.0  1.9  0.0  3.9 11.6 11.6  1.9
  1.9  9.7  1.9  1.9 17.4  9.7 21.3 15.5  0.0  9.7 75.6 17.4  1.9122.1  9.7
  1.9  1.9  0.0  0.0  0.0  0.0  0.0  0.0  0.0  0.0  0.0  0.0  0.0  0.0  0.0
  0.0  0.0  0.0  0.0  0.0  1.9  0.0  1.9  3.9  0.0  0.0  1.9  0.0  0.0  0.0
  0.0  1.9  3.9  0.0  0.0  0.0  0.0  3.9  0.0  1.9  1.9  0.0  3.9  0.0  0.0
  1.9  5.8  1.9  9.7  5.8  3.9 11.6  5.8  0.0  0.0  0.0  0.0  0.0  0.0  0.0
  0.0  1.9  0.0  1.9  0.0  0.0  0.0 17.4  5.8 11.6 32.9 11.6  1.9  3.9  5.8
  9.7  0.0  0.0  0.0  0.0  5.8 13.6 21.3  9.7  9.7  0.0  3.9  3.9  5.8  0.0
    -12.45     -3.91      7.27     -3.25      7.52  0.0  0.0  0.0  0.0  0.0
                                                brff1066.txt 30.8  5.0  376
  5.3  0.0  0.0 85.1  0.0  0.0  5.3 10.6 18.6 16.0  0.0  0.0  0.0  0.0  2.7
  5.3  0.0 13.3 10.6  0.0  0.0250.0133.0 42.6 16.0 18.6  0.0  5.3  0.0  2.7
  2.7  0.0 77.1  2.7  2.7 39.9 21.3  2.7  5.3  0.0  5.3  5.3 18.6 26.6  0.0
  2.7 13.3 13.3  2.7  8.0 21.3 23.9 29.3  0.0  5.3 63.8 37.2  0.0114.4  5.3
  0.0  0.0  0.0  0.0  0.0  0.0  0.0  0.0  0.0  0.0  0.0  0.0  0.0  0.0  0.0
  0.0  0.0  0.0 13.3  5.3  0.0  0.0  0.0  0.0  2.7  0.0  0.0  2.7  0.0  0.0
  0.0  2.7 10.6  0.0  0.0  2.7  0.0  2.7  0.0  2.7  0.0  0.0  0.0  0.0  0.0
 18.6  2.7  2.7 23.9 13.3  5.3 21.3  0.0  0.0  0.0  0.0  0.0  0.0  0.0  0.0
  0.0  0.0  0.0  2.7  0.0  0.0  0.0  8.0 16.0 10.6 26.6  2.7  0.0  2.7  2.7
 23.9  0.0  0.0  0.0  2.7  5.3  0.0 16.0 26.6 13.3 10.6  0.0  0.0  0.0  0.0
     -5.98     -3.39      6.27      0.40     12.90  5.3  0.0  2.7  0.0  0.0
                                                brff1067.txt 32.8  5.0  579
  5.2  0.0  0.0 95.0  0.0  1.7  6.9  3.5  1.7 12.1  1.7  5.2  0.0  8.6  0.0
  1.7  0.0  3.5  5.2  0.0  3.5269.4 96.7 43.2  6.9  5.2  5.2  0.0  0.0  5.2
  0.0  1.7 72.5  1.7  1.7 39.7 17.3  3.5  0.0  0.0  1.7  1.7  8.6 12.1  0.0
  0.0  6.9  3.5  3.5 15.5  8.6 19.0 12.1  0.0  5.2 91.5  6.9  3.5120.9  6.9
  1.7  1.7  0.0  0.0  0.0  0.0  0.0  0.0  0.0  0.0  0.0  0.0  0.0  0.0  0.0
  0.0  0.0  0.0  6.9  0.0  0.0  0.0  1.7  3.5  0.0  0.0  0.0  0.0  0.0  0.0
  0.0  1.7  3.5  0.0  0.0  3.5  0.0  1.7  1.7  3.5  3.5  0.0  0.0  0.0  0.0
  6.9  5.2  0.0 12.1  5.2  6.9 15.5  3.5  0.0  0.0  0.0  0.0  0.0  0.0  0.0
  0.0  0.0  0.0  0.0  0.0  0.0  0.0  6.9 19.0  3.5 34.5  3.5  0.0  3.5  8.6
  0.0  1.7  0.0  0.0  0.0  1.7 15.5 10.4  1.7 12.1  0.0  8.6  3.5  1.7  0.0
     -5.62     -4.27      5.98     -4.27      3.60  0.0  0.0  0.0  0.0  0.0
                                                brff1068.txt 33.8  4.6  774
  7.8  1.3  0.0107.2  0.0  0.0  3.9 14.2  2.6  7.8  3.9  3.9  0.0  2.6  0.0
  0.0  1.3 12.9  1.3  0.0  2.6258.4109.8 36.2 12.9 34.9  2.6  1.3  2.6  3.9
  1.3  3.9 51.7  2.6  1.3 53.0 23.3  1.3  2.6  5.2 12.9  1.3 18.1 15.5  0.0
  0.0  2.6  2.6  2.6  5.2 27.1 16.8 15.5  1.3  7.8 67.2 37.5  3.9135.7  1.3
  3.9  0.0  0.0  0.0  0.0  0.0  0.0  0.0  0.0  0.0  0.0  0.0  0.0  0.0  0.0
  0.0  0.0  0.0  2.6  1.3  1.3  1.3  0.0  2.6  0.0  0.0  0.0  1.3  0.0  1.3
  0.0  1.3  6.5  0.0  0.0  0.0  0.0  2.6  0.0  0.0  0.0  0.0  3.9  1.3  0.0
  6.5  2.6  1.3 10.3  9.0  2.6 11.6  5.2  0.0  0.0  0.0  0.0  0.0  0.0  0.0
  0.0  0.0  0.0  0.0  0.0  0.0  0.0 22.0 14.2  5.2 32.3  2.6  1.3  7.8  3.9
  1.3  2.6  1.3  0.0  0.0  2.6  0.0 45.2  0.0 12.9  1.3  2.6 10.3  3.9  0.0
     -3.22     -3.02      6.50      3.55     10.03  2.6  0.0  0.0  0.0  1.3
                                                brff1069.txt 32.0  4.7  756
  9.3  0.0  1.3 74.1  0.0  0.0  4.0  1.3  6.6 11.9  5.3  0.0  0.0  0.0  1.3
  4.0  0.0  5.3  0.0  0.0  0.0265.9128.3 35.7 23.8 22.5 22.5  2.6  0.0  7.9
  1.3  5.3 60.8  1.3  0.0 46.3 27.8  9.3  1.3  0.0  1.3  6.6  6.6  7.9  0.0
  4.0  2.6  4.0  0.0  5.3 15.9  7.9 11.9  0.0  9.3 47.6 29.1  6.6121.7  2.6
  6.6  2.6  0.0  0.0  0.0  0.0  0.0  0.0  0.0  0.0  0.0  0.0  0.0  0.0  0.0
  0.0  0.0  0.0  1.3  1.3  2.6  1.3  0.0  2.6  0.0  0.0  0.0  0.0  1.3  0.0
  2.6  4.0  6.6  0.0  0.0  1.3  0.0  0.0  0.0  0.0  2.6  0.0  9.3  1.3  0.0
  6.6  2.6  1.3 10.6 13.2  1.3 14.6 13.2  0.0  0.0  0.0  0.0  0.0  0.0  0.0
  0.0  0.0  0.0  0.0  0.0  0.0  0.0 18.5 19.8 15.9 18.5  2.6  0.0 10.6  5.3
  1.3  2.6  2.6  0.0  1.3  1.3  2.6 19.8  1.3 14.6  5.3  2.6  5.3  7.9  0.0
    -14.08      0.87      9.32     -0.70      2.99  2.6  0.0  0.0  0.0  0.0
                                                brff1070.txt 29.5  4.6  406
 12.3  2.5  0.0 88.7  0.0  0.0  0.0  4.9  0.0 14.8  4.9  7.4  0.0  2.5  0.0
  0.0  0.0 17.2 14.8  0.0  0.0270.9 83.7 39.4 19.7 27.1 19.7  0.0  0.0  0.0
  0.0  4.9 39.4  0.0  0.0 46.8 32.0  2.5  0.0  0.0  4.9  2.5  7.4 22.2  4.9
  0.0  0.0  2.5  9.9  9.9 24.6 27.1 27.1  0.0  0.0 61.6 27.1  4.9145.3 14.8
  2.5  0.0  0.0  0.0  0.0  0.0  0.0  0.0  0.0  0.0  0.0  0.0  0.0  0.0  0.0
  0.0  0.0  0.0  0.0  0.0  4.9  2.5  0.0  0.0  2.5  0.0  0.0  0.0  2.5  0.0
  0.0  0.0  4.9  4.9  0.0  0.0  0.0  2.5  0.0  0.0  0.0  0.0  4.9  0.0  0.0
  7.4  2.5  2.5 12.3  9.9  2.5 12.3  4.9  0.0  0.0  0.0  0.0  0.0  0.0  0.0
  0.0  0.0  0.0  0.0  0.0  0.0  0.0 19.7  7.4  4.9 27.1  2.5  0.0  4.9  4.9
  7.4  0.0  0.0  2.5  0.0 12.3  2.5 19.7  9.9  9.9  2.5  0.0  9.9  0.0  0.0
     -1.52     -0.09      2.88     -2.69      8.14  0.0  0.0  2.5  0.0  0.0
                                                brff1071.txt 31.5  4.8  506
  5.9  0.0  0.0 98.8  0.0  5.9  2.0  7.9  2.0  4.0  2.0  2.0  0.0  0.0  0.0
  4.0  0.0  9.9 13.8  0.0  0.0239.1114.6 47.4 13.8 59.3  2.0  0.0  2.0  7.9
  2.0  7.9 65.2  2.0  2.0 31.6 13.8  9.9  0.0  4.0  7.9  2.0  9.9 25.7  4.0
  2.0  5.9  5.9  2.0  9.9 27.7 33.6 31.6  0.0 11.9 92.9 61.3  4.0128.5  4.0
  2.0  0.0  0.0  0.0  0.0  0.0  0.0  0.0  0.0  0.0  0.0  0.0  0.0  0.0  0.0
  0.0  0.0  0.0  2.0  0.0  5.9  0.0  0.0  0.0  0.0  0.0  0.0  0.0  0.0  0.0
  2.0  0.0  5.9  0.0  0.0  0.0  0.0  0.0  0.0  2.0  0.0  0.0  0.0  2.0  0.0
  7.9  0.0  0.0  7.9  7.9  0.0  9.9  2.0  0.0  0.0  0.0  0.0  0.0  0.0  0.0
  0.0  0.0  0.0  0.0  0.0  0.0  0.0 13.8 11.9  4.0 17.8  9.9  0.0  4.0 11.9
  5.9  2.0  0.0  0.0  9.9  0.0  0.0 11.9  2.0 19.8  2.0  4.0  2.0  7.9  0.0
     -7.78     -2.26     12.40      2.10     10.12  2.0  0.0  0.0  0.0  0.0
                                                brff1072.txt 34.5  5.0  506
  5.9  0.0  0.0114.6  0.0  0.0  4.0  0.0  0.0  9.9  4.0  2.0  0.0  0.0  0.0
  0.0  0.0 17.8  2.0  0.0  2.0256.9 98.8 37.5 13.8 11.9  4.0  5.9  0.0  7.9
  0.0  5.9 55.3  4.0  0.0 27.7 33.6 11.9  0.0  0.0  7.9  2.0 19.8 23.7  5.9
  4.0  7.9 13.8  4.0 19.8 37.5 17.8 33.6  0.0  7.9 81.0 11.9  4.0177.9 11.9
  0.0  0.0  0.0  0.0  0.0  0.0  0.0  0.0  0.0  0.0  0.0  0.0  0.0  0.0  0.0
  0.0  0.0  0.0 13.8  0.0  4.0  0.0  0.0  0.0  0.0  0.0  0.0  0.0  0.0  0.0
  0.0  2.0  5.9  7.9  0.0  2.0  0.0  2.0  0.0  0.0  2.0  0.0  0.0  0.0  0.0
 17.8  0.0  0.0 17.8 15.8  4.0 19.8  2.0  0.0  0.0  0.0  0.0  0.0  0.0  0.0
  0.0  0.0  0.0  0.0  0.0  0.0  0.0 17.8 15.8  9.9 17.8  9.9  2.0  5.9  2.0
  0.0  0.0  0.0  0.0  0.0  0.0  2.0 17.8 17.8 11.9  4.0  2.0 17.8  2.0  0.0
    -10.35     -2.89      8.26      0.77     18.15  4.0  0.0  0.0  0.0  0.0
                                                brff1073.txt 31.0  5.2  633
  1.6  0.0  0.0 74.2  0.0  0.0  1.6  1.6  0.0  6.3  0.0  4.7  0.0  0.0  0.0
  0.0  0.0  6.3  0.0  0.0  0.0278.0140.6 91.6 12.6  9.5  4.7  3.2  3.2  7.9
  1.6 15.8 67.9  0.0  0.0 26.9  6.3  0.0  0.0  0.0  9.5  3.2 14.2 12.6  6.3
  4.7  3.2  3.2  1.6  9.5 15.8 23.7 23.7  0.0 12.6121.6  9.5 11.1102.7  6.3
 12.6  0.0  0.0  0.0  0.0  0.0  0.0  0.0  0.0  0.0  0.0  0.0  0.0  0.0  0.0
  0.0  0.0  0.0  3.2  0.0  1.6  0.0  0.0  0.0  0.0  0.0  0.0  0.0  0.0  0.0
  0.0  0.0  1.6  0.0  0.0  0.0  0.0  0.0  0.0  1.6  0.0  0.0  0.0  0.0  0.0
  4.7  0.0  0.0  4.7  1.6  0.0  3.2  0.0  0.0  0.0  0.0  0.0  0.0  0.0  0.0
  0.0  0.0  0.0  0.0  0.0  0.0  0.0  7.9  9.5  3.2 31.6  0.0  0.0  6.3  0.0
  3.2  3.2  0.0  0.0  1.6 12.6 15.8 17.4  4.7 11.1  1.6  3.2  4.7  0.0  0.0
    -21.31     -3.39     17.26     -0.83     13.56  0.0  0.0  0.0  0.0  0.0
                                                brff1074.txt 30.5  4.8  479
  6.3  0.0  0.0 87.7  0.0  0.0  4.2  2.1 10.4  8.4  0.0  0.0  0.0  2.1  2.1
  2.1  0.0  6.3 14.6  0.0  2.1273.5116.9 91.9  8.4 29.2 12.5  2.1  2.1  8.4
  2.1 10.4 52.2  2.1  0.0 18.8 14.6  0.0  6.3  2.1  0.0  0.0  4.2 10.4  0.0
  0.0  2.1  4.2  2.1  8.4  6.3 29.2 10.4  0.0 12.5114.8 39.7  0.0114.8 12.5
  0.0  0.0  0.0  0.0  0.0  0.0  0.0  0.0  0.0  0.0  0.0  0.0  0.0  0.0  0.0
  0.0  0.0  0.0  4.2  0.0  2.1  4.2  0.0  0.0  0.0  0.0  0.0  0.0  2.1  0.0
  2.1  2.1  2.1  4.2  0.0  2.1  0.0  0.0  0.0  0.0  2.1  0.0  0.0  2.1  0.0
 10.4  0.0  2.1 12.5 10.4  2.1 12.5  4.2  0.0  0.0  0.0  0.0  0.0  0.0  0.0
  0.0  0.0  0.0  0.0  0.0  0.0  0.0 20.9 10.4  0.0 25.1  6.3  2.1 25.1  2.1
  0.0  4.2  4.2  0.0  4.2  0.0  4.2 27.1  6.3 18.8  0.0  6.3  6.3  0.0  0.0
    -12.64     -1.36     14.10     -3.64      0.56  0.0  0.0  2.1  0.0  0.0
                                                brff1075.txt 31.5  5.1  446
  9.0  0.0  0.0 94.2  0.0  0.0  2.2  4.5  4.5  0.0  0.0  0.0  0.0  0.0  0.0
  2.2  0.0  0.0  2.2  0.0  0.0304.9127.8 56.1  6.7 15.7  0.0  0.0  0.0  2.2
  0.0  4.5 89.7  0.0  2.2 26.9 13.5  0.0  2.2  0.0  6.7  0.0 11.2  6.7  0.0
  6.7  2.2  2.2  6.7  2.2  6.7  9.0 13.5  0.0  2.2 78.5 20.2  2.2105.4  4.5
  2.2  0.0  0.0  0.0  0.0  0.0  0.0  0.0  0.0  0.0  0.0  0.0  0.0  0.0  0.0
  0.0  0.0  0.0  2.2  2.2  0.0  0.0  0.0  0.0  0.0  0.0  2.2  0.0  0.0  4.5
  0.0  4.5  4.5  0.0  0.0  0.0  0.0  0.0  0.0  2.2  0.0  0.0  0.0  0.0  0.0
  4.5  0.0  2.2  6.7 13.5  0.0 15.7  0.0  0.0  0.0  0.0  0.0  0.0  0.0  0.0
  0.0  0.0  0.0  0.0  0.0  0.0  0.0  9.0 24.7  6.7 40.4  9.0  4.5  2.2 11.2
  4.5  0.0  2.2  0.0  4.5  2.2  6.7 15.7 13.5 15.7  2.2  9.0  4.5  2.2  0.0
    -21.44     -4.81      7.80     -2.68      6.57  0.0  0.0  0.0  0.0  0.0
                                                brff1076.txt 32.3  4.7  561
 10.7  0.0  0.0112.3  3.6  0.0  7.1  1.8  8.9 17.8  1.8  0.0  0.0 10.7  0.0
  5.3  0.0 16.0  0.0  0.0  0.0206.8126.6 41.0 10.7 19.6 26.7  0.0  0.0  8.9
  1.8  3.6 58.8  8.9  1.8 39.2 14.3  5.3  0.0  1.8  3.6  5.3 12.5 12.5  1.8
  0.0  0.0  8.9  5.3  5.3 25.0  5.3 14.3  0.0 10.7 62.4 32.1  3.6142.6  8.9
 10.7  1.8  0.0  0.0  0.0  0.0  0.0  0.0  0.0  0.0  0.0  0.0  0.0  0.0  0.0
  0.0  0.0  0.0  1.8  1.8  5.3  1.8  0.0  1.8  0.0  0.0  0.0  0.0  1.8  0.0
  0.0  3.6  1.8  3.6  0.0  1.8  0.0  0.0  0.0  1.8  0.0  0.0  3.6  5.3  0.0
 10.7  1.8  1.8 14.3  8.9  1.8 12.5  8.9  0.0  0.0  0.0  0.0  0.0  0.0  0.0
  0.0  0.0  0.0  0.0  0.0  0.0  1.8 12.5 16.0 14.3  7.1  3.6  3.6 17.8  1.8
  0.0  0.0  1.8  0.0  0.0  1.8  0.0 41.0  5.3 26.7  5.3  1.8  8.9  3.6  0.0
     -1.98      0.64      7.16     -0.69      7.43  7.1  0.0  0.0  0.0  0.0
                                                brff1077.txt 33.8  4.8  510
 11.8  2.0  0.0102.0  0.0  0.0  0.0  3.9 45.1  9.8  7.8  0.0  0.0  5.9  0.0
  0.0  0.0 13.7  3.9  0.0  0.0233.3 78.4 54.9  2.0 25.5  2.0  5.9  0.0  0.0
  2.0  9.8 62.7  5.9  2.0 37.3 31.4  5.9  3.9  7.8  2.0  2.0 13.7 11.8  0.0
  2.0  0.0  3.9  0.0 15.7 21.6 21.6 13.7  0.0  2.0103.9 70.6  7.8135.3  3.9
  5.9  2.0  0.0  0.0  0.0  0.0  0.0  0.0  0.0  0.0  0.0  0.0  0.0  0.0  0.0
  0.0  0.0  0.0  7.8  2.0  0.0  0.0  5.9  2.0  0.0  0.0  0.0  0.0  0.0  0.0
  0.0  2.0  3.9  0.0  0.0  0.0  0.0  0.0  5.9  3.9  0.0  0.0  3.9  0.0  0.0
  9.8  7.8  0.0 17.6  5.9  5.9 15.7  3.9  0.0  0.0  0.0  0.0  0.0  0.0  0.0
  0.0  0.0  0.0  0.0  0.0  0.0  0.0 11.8 11.8  3.9 37.3  7.8  0.0 21.6  0.0
  5.9  2.0  0.0  0.0  9.8  0.0  0.0 31.4  7.8 13.7  3.9  5.9  3.9  3.9  0.0
     -6.25     -3.06      6.37      1.34      7.37  2.0  0.0  2.0  0.0  0.0
                                                brff1078.txt 35.0  4.8  516
 11.6  1.9  1.9114.3  0.0  3.9 13.6  5.8 19.4 11.6 11.6  1.9  1.9  7.8  3.9
  5.8 13.6 11.6 13.6  0.0  7.8236.4 96.9 60.1 17.4  7.8 11.6  0.0  5.8  5.8
  0.0  3.9 62.0  5.8  3.9 50.4  5.8 21.3  1.9  5.8  0.0  7.8  3.9  1.9  1.9
  1.9  1.9  1.9  7.8  7.8 32.9 27.1  5.8 13.6 11.6 83.3 27.1  1.9139.5  7.8
  1.9  1.9  0.0  0.0  0.0  0.0  0.0  0.0  0.0  0.0  0.0  0.0  0.0  0.0  0.0
  0.0  0.0  0.0  0.0  0.0  1.9  1.9  0.0  1.9  0.0  0.0  0.0  0.0  0.0  0.0
  0.0  1.9  0.0  0.0  0.0  0.0  0.0  0.0  0.0  0.0  0.0  0.0 11.6  0.0  0.0
  3.9  1.9  0.0  5.8  1.9  0.0  1.9 11.6  0.0  0.0  0.0  0.0  0.0  0.0  0.0
  0.0  0.0  0.0  0.0  0.0  0.0  0.0  7.8  1.9  1.9 38.8  9.7  1.9  9.7  5.8
  0.0  0.0  0.0  0.0  7.8  0.0 23.3 17.4  3.9 17.4  0.0  3.9  3.9  5.8  0.0
     32.37     -2.57      7.38      4.84      1.21  9.7  0.0  0.0  0.0  0.0
                                                brff1079.txt 37.0  4.9  575
  3.5  1.7  0.0 93.9  0.0  0.0  7.0  0.0  0.0 12.2  1.7  1.7  1.7  7.0  1.7
  0.0  0.0  7.0 10.4  0.0  0.0262.6114.8 73.0  5.2 15.7  8.7  0.0  0.0  7.0
  0.0  1.7 53.9  3.5  5.2 62.6 12.2  7.0  0.0  1.7  0.0  7.0 13.9 12.2  1.7
  1.7  3.5  3.5  5.2  8.7 13.9 19.1 15.7  0.0  7.0 93.9 15.7  3.5111.3  5.2
  5.2  0.0  0.0  0.0  0.0  0.0  0.0  0.0  0.0  0.0  0.0  0.0  0.0  0.0  0.0
  0.0  0.0  0.0  3.5  0.0  3.5  1.7  1.7  0.0  0.0  0.0  0.0  0.0  0.0  0.0
  0.0  1.7  3.5  1.7  0.0  0.0  0.0  1.7  0.0  0.0  1.7  0.0  8.7  0.0  0.0
  8.7  1.7  0.0 10.4  7.0  1.7  8.7 10.4  0.0  0.0  0.0  0.0  0.0  0.0  0.0
  0.0  0.0  0.0  0.0  0.0  1.7  0.0  7.0 12.2  3.5 20.9  3.5  1.7 12.2  7.0
  0.0  3.5  0.0  0.0  0.0  3.5 12.2 26.1  7.0  5.2  3.5  5.2  7.0  0.0  0.0
     -9.03     -3.19      2.75     -1.38      8.81  0.0  0.0  0.0  0.0  0.0
                                                brff1080.txt 34.3  5.0  543
  3.7  0.0  0.0108.7  0.0  0.0  1.8 11.0  1.8  7.4  7.4  0.0  0.0  3.7  0.0
  0.0  1.8  3.7  5.5  1.8  1.8259.7108.7 58.9  9.2 31.3  9.2  0.0  0.0  0.0
  3.7  1.8 81.0 18.4  0.0 49.7  5.5 12.9  7.4  3.7 11.0  7.4 12.9 14.7  0.0
  1.8  3.7  5.5  1.8  7.4 27.6 14.7 16.6  3.7  3.7 82.9 33.1  1.8123.4 11.0
 14.7  0.0  0.0  0.0  0.0  0.0  0.0  0.0  0.0  0.0  0.0  0.0  0.0  0.0  0.0
  0.0  0.0  0.0  1.8  0.0  1.8  1.8  0.0  0.0  0.0  0.0  0.0  1.8  0.0  0.0
  1.8  0.0  1.8  0.0  0.0  0.0  0.0  0.0  0.0  0.0  0.0  1.8  0.0  0.0  0.0
  5.5  0.0  1.8  7.4  3.7  0.0  3.7  1.8  0.0  0.0  0.0  0.0  0.0  0.0  0.0
  0.0  1.8  0.0  0.0  0.0  0.0  0.0  7.4 11.0  5.5 36.8  1.8  1.8  1.8  9.2
  1.8  0.0  1.8  0.0  1.8  1.8  9.2 25.8  3.7  7.4  1.8  5.5  5.5  5.5  0.0
     -7.98     -2.26      2.54      8.72      7.26  1.8  0.0  0.0  1.8  0.0
                                                brff1081.txt 29.3  4.8  458
  8.7  0.0  0.0115.7  4.4  0.0  6.6  0.0 10.9 13.1  0.0  2.2  0.0  4.4  0.0
  2.2  0.0 10.9  4.4  0.0  0.0231.4124.5 45.9  2.2 21.8  0.0  2.2  2.2  4.4
  2.2  4.4 63.3  2.2  0.0 34.9 21.8  0.0  0.0  0.0  2.2  6.6  2.2 19.7  2.2
  0.0  0.0  8.7  4.4 17.5 13.1 10.9 21.8  0.0  8.7 89.5 37.1 15.3135.4  2.2
  2.2  4.4  0.0  0.0  0.0  0.0  0.0  0.0  0.0  0.0  0.0  0.0  0.0  0.0  0.0
  0.0  0.0  0.0  8.7  4.4  2.2  2.2  6.6  0.0  0.0  0.0  0.0  2.2  0.0  0.0
  2.2  0.0  4.4  2.2  0.0  2.2  0.0  0.0  0.0  8.7  2.2  0.0  2.2  0.0  0.0
 17.5  6.6  2.2 26.2  8.7  2.2 19.7  4.4  0.0  0.0  0.0  0.0  0.0  0.0  0.0
  0.0  0.0  0.0  0.0  0.0  0.0  0.0 24.0 21.8 10.9 26.2  2.2  2.2  4.4  8.7
  2.2  0.0  0.0  0.0  0.0  0.0  2.2  6.6  8.7 19.7  4.4  0.0  8.7  0.0  0.0
     -8.00     -4.28      9.83     -2.95      2.40  0.0  0.0  0.0  0.0  0.0
                                                brff1082.txt 30.0  5.3  271
  0.0  3.7  0.0 92.3  0.0  0.0  3.7  0.0  0.0 11.1  7.4  0.0  0.0  3.7  0.0
  0.0  0.0 22.1  7.4  0.0  0.0258.3 99.6 62.7 18.5 25.8  7.4  3.7  3.7  7.4
  0.0  3.7 92.3  0.0  3.7 29.5 25.8  3.7  7.4  0.0 14.8  3.7  7.4 14.8  0.0
  3.7  7.4  0.0  0.0 14.8 40.6 18.5 18.5  0.0 11.1 81.2 25.8  0.0140.2  7.4
  3.7  0.0  0.0  0.0  0.0  0.0  0.0  0.0  0.0  0.0  0.0  0.0  0.0  0.0  0.0
  0.0  0.0  0.0  3.7  0.0  0.0  7.4  0.0  0.0  3.7  0.0  0.0  0.0  0.0  0.0
  0.0  7.4  0.0  3.7  0.0  0.0  0.0  0.0  0.0 14.8  0.0  0.0  3.7  0.0  0.0
 11.1  3.7  0.0 14.8 11.1  0.0 25.8  3.7  0.0  0.0  0.0  0.0  0.0  0.0  0.0
  0.0  0.0  0.0  0.0  0.0  0.0  0.0  3.7 25.8  7.4 33.2  0.0 11.1  0.0  7.4
  7.4  0.0  0.0  0.0  0.0  0.0  0.0 11.1 11.1 25.8  0.0  7.4  7.4  0.0  0.0
    -10.17     -1.87     11.84      5.16      4.41  3.7  0.0  0.0  0.0  0.0
                                                brff1083.txt 29.8  4.8  403
  7.4  2.5  0.0 94.3  0.0  0.0  2.5  2.5  0.0 37.2  5.0  0.0  0.0  5.0  0.0
  0.0  2.5  2.5  0.0  0.0  0.0240.7109.2 29.8 29.8 29.8  9.9  2.5  0.0  2.5
  0.0  2.5 47.1 12.4  0.0 29.8 19.9  7.4  0.0  5.0 12.4  5.0 12.4 27.3  5.0
  5.0  5.0  5.0  9.9  9.9 22.3 12.4 37.2  2.5  2.5 57.1 29.8  0.0143.9  0.0
  0.0  0.0  0.0  0.0  0.0  0.0  0.0  0.0  0.0  0.0  0.0  0.0  0.0  0.0  0.0
  0.0  0.0  0.0  0.0  0.0  5.0  5.0  2.5  0.0  0.0  0.0  0.0  0.0  0.0  0.0
  2.5  0.0  0.0  0.0  0.0  5.0  0.0  0.0  2.5  0.0  0.0  0.0  2.5  0.0  0.0
  9.9  2.5  0.0 12.4  2.5  7.4  9.9  2.5  0.0  0.0  0.0  0.0  0.0  0.0  0.0
  0.0  0.0  0.0  0.0  0.0  0.0  0.0 19.9  9.9 12.4 44.7  7.4  0.0  5.0  0.0
  0.0  0.0  0.0  0.0  0.0  7.4  0.0 19.9  9.9 24.8  5.0  2.5  5.0  0.0  0.0
     -5.01     -1.06      1.17      5.32     13.68  0.0  0.0  0.0  0.0  0.0
                                                brff1084.txt 32.3  5.1  333
 12.0  0.0  0.0 87.1  0.0  0.0  0.0  6.0  0.0  9.0  6.0  6.0  0.0  3.0  0.0
  6.0  0.0 12.0  0.0  3.0  0.0261.3 90.1 75.1 18.0  9.0 21.0  9.0  0.0  9.0
  3.0  0.0 78.1  3.0  3.0 63.1 18.0 12.0  0.0  3.0  0.0  9.0 15.0 12.0  6.0
  0.0  6.0  9.0  0.0  6.0 24.0 15.0 18.0  3.0 12.0 93.1  9.0  0.0120.1  3.0
 12.0  0.0  0.0  0.0  0.0  0.0  0.0  0.0  0.0  0.0  0.0  0.0  0.0  0.0  0.0
  0.0  0.0  0.0  6.0  0.0  6.0  0.0  0.0  0.0  9.0  0.0  0.0  0.0  0.0  0.0
  3.0  3.0  0.0  0.0  0.0  0.0  0.0  6.0  0.0  0.0  0.0  3.0  0.0  3.0  0.0
 12.0  9.0  0.0 21.0  6.0  6.0 12.0  6.0  0.0  0.0  0.0  0.0  0.0  0.0  0.0
  0.0  0.0  3.0  0.0  0.0  0.0  0.0  6.0 36.0  3.0 30.0  0.0  3.0  9.0  9.0
  6.0  0.0  0.0  0.0  0.0  0.0 18.0 15.0  9.0 27.0  9.0  0.0  6.0  0.0  0.0
     -5.55      0.98      8.31      1.22     12.20  0.0  0.0  0.0  0.0  0.0
                                                brff1085.txt 27.3  5.3  302
 23.2  0.0  0.0115.9 23.2  0.0  0.0  3.3  3.3  0.0  9.9  6.6  0.0  0.0  0.0
  0.0  0.0 13.2  9.9  0.0  0.0245.0 69.5 39.7 23.2 33.1  6.6  0.0  9.9  9.9
  0.0  0.0 79.5  0.0  3.3 62.9  6.6  9.9  3.3  0.0 16.6  0.0 23.2  6.6  0.0
  0.0  3.3  0.0  3.3 13.2 39.7 19.9  6.6  0.0 19.9 66.2 59.6  9.9139.1 13.2
  6.6  3.3  0.0  0.0  0.0  0.0  0.0  0.0  0.0  0.0  0.0  0.0  0.0  0.0  0.0
  0.0  0.0  0.0  3.3  0.0  0.0  0.0  3.3  0.0  0.0  0.0  0.0  0.0  3.3  0.0
  0.0  0.0  3.3  0.0  0.0  0.0  0.0  0.0  0.0  0.0  0.0  0.0  6.6  0.0  0.0
  3.3  3.3  3.3  9.9  3.3  0.0  3.3  6.6  0.0  0.0  0.0  0.0  0.0  0.0  0.0
  0.0  0.0  0.0  0.0  0.0  0.0  0.0  9.9  9.9 13.2 16.6  0.0  3.3  0.0  9.9
 23.2  0.0  0.0  0.0  0.0  0.0  3.3 13.2  3.3 23.2  0.0  6.6  6.6  0.0  0.0
     -4.65     -2.22     12.75      4.71     11.86  3.3  0.0  0.0  0.0  0.0
                                                brff1086.txt 31.3  4.9  397
 20.2  2.5  0.0110.8  0.0  0.0 10.1  2.5  7.6 10.1  7.6  0.0  0.0  7.6  0.0
  5.0  2.5 15.1  5.0  0.0  2.5274.6105.8 42.8  2.5 12.6  5.0  2.5  2.5 17.6
  2.5  2.5 73.0  2.5  0.0 42.8 10.1 12.6  2.5  5.0  7.6  0.0 12.6  2.5  0.0
  2.5  0.0  5.0  5.0 10.1 35.3 12.6  5.0  2.5 22.7 70.5 20.2  5.0123.4 10.1
  0.0  0.0  0.0  0.0  0.0  0.0  0.0  0.0  0.0  0.0  0.0  0.0  0.0  0.0  0.0
  0.0  0.0  0.0  0.0  0.0  2.5  5.0  0.0  0.0  0.0  0.0  0.0  0.0 10.1  0.0
  0.0  0.0  2.5  0.0  0.0  0.0  0.0  0.0  0.0  0.0  0.0  2.5  0.0  2.5  0.0
  7.6  0.0 10.1 17.6  2.5  0.0  2.5  5.0  0.0  0.0  0.0  0.0  0.0  0.0  0.0
  0.0  0.0  0.0  0.0  0.0  0.0  0.0 20.2 12.6 27.7 55.4  2.5  7.6  2.5  2.5
  7.6  0.0  0.0  0.0  0.0  2.5  2.5 15.1  2.5 17.6  0.0  0.0 12.6  0.0  0.0
      2.05     -3.65     16.41      3.09      5.44  2.5  0.0  0.0  0.0  0.0
                                                brff1087.txt 32.5  5.0  456
 15.4  2.2  0.0116.2  2.2  0.0  2.2  2.2  0.0 28.5  6.6  0.0  0.0  0.0  0.0
  0.0  0.0 11.0  2.2  4.4  4.4258.8 98.7 37.3  4.4 26.3  4.4  2.2  0.0  6.6
  0.0  2.2 70.2  6.6  0.0 48.2 17.5 15.4  6.6  0.0 11.0  6.6 17.5 15.4  2.2
  2.2  2.2  4.4  4.4 11.0 37.3  6.6 19.7  4.4  6.6 72.4 28.5  6.6138.2  4.4
  4.4  0.0  0.0  0.0  0.0  0.0  0.0  0.0  0.0  0.0  0.0  0.0  0.0  0.0  0.0
  0.0  0.0  0.0  6.6  0.0  4.4  0.0  2.2  0.0  0.0  0.0  0.0  0.0  0.0  2.2
  0.0  0.0  2.2  0.0  0.0  0.0  0.0  0.0  2.2  4.4  0.0  0.0  4.4  2.2  0.0
 11.0  2.2  0.0 13.2  4.4  2.2 11.0  6.6  0.0  0.0  0.0  0.0  0.0  0.0  0.0
  0.0  0.0  0.0  0.0  0.0  0.0  0.0 28.5  6.6 24.1 15.4  0.0  2.2  6.6  6.6
  8.8  2.2  0.0  0.0  0.0  0.0  4.4 32.9  6.6 24.1  2.2  2.2  6.6  0.0  0.0
     -3.39     -3.16      5.33      7.02     12.06 11.0  0.0  0.0  0.0  0.0
                                                brff1088.txt 33.3  5.4  311
 16.1  0.0  0.0122.2  0.0  0.0  0.0  0.0  0.0 16.1  0.0  3.2  0.0  3.2  0.0
  0.0  0.0  6.4  3.2  0.0  0.0270.1 80.4 48.2  3.2  9.6 19.3  0.0  3.2  3.2
  0.0 12.9 51.4  0.0  0.0 61.1 19.3  6.4  6.4  0.0  3.2  9.6 19.3 12.9  6.4
  3.2 12.9  3.2  3.2 12.9 16.1 32.2 22.5  0.0  6.4 77.2  9.6  3.2147.9  6.4
  3.2  0.0  0.0  0.0  0.0  0.0  0.0  0.0  0.0  0.0  0.0  0.0  0.0  0.0  0.0
  0.0  0.0  0.0  0.0  0.0  3.2  0.0  6.4  0.0  0.0  0.0  6.4  0.0  0.0  0.0
  0.0  0.0  0.0  0.0  0.0  3.2  3.2  3.2  3.2  3.2  0.0  3.2  3.2  3.2  0.0
  3.2  6.4  6.4 16.1  0.0 12.9 16.1  9.6  0.0  0.0  0.0  0.0  0.0  0.0  0.0
  0.0  0.0  0.0  0.0  0.0  0.0  0.0 19.3 12.9  6.4 48.2  0.0  0.0  0.0  0.0
  0.0  0.0  0.0  0.0  0.0  6.4  9.6 25.7  3.2 25.7  0.0  3.2  0.0  6.4  0.0
    -12.23     -1.48      9.34      2.39     16.36  0.0  0.0  0.0  0.0  0.0
                                                brff1089.txt 28.5  5.0  291
 13.7  0.0  0.0 99.7  0.0  0.0  6.9  0.0  0.0  6.9  0.0  0.0  0.0  3.4  0.0
  0.0  0.0  6.9  6.9  0.0  3.4268.0116.8 85.9  3.4 17.2  6.9  3.4  0.0  3.4
  3.4  3.4 85.9  3.4  3.4 20.6 17.2  0.0  3.4  3.4  0.0  0.0  6.9  3.4  0.0
  0.0  3.4 10.3  0.0 10.3  6.9 17.2  3.4  0.0  6.9 96.2 17.2  0.0116.8 30.9
  6.9  0.0  0.0  0.0  0.0  0.0  0.0  0.0  0.0  0.0  0.0  0.0  0.0  0.0  0.0
  0.0  0.0  0.0  3.4  0.0  3.4  6.9  0.0  0.0  3.4  0.0  0.0  0.0  0.0  0.0
  0.0  3.4 10.3  0.0  0.0  0.0  0.0  3.4  0.0  3.4  0.0  0.0  0.0  0.0  0.0
 13.7  3.4  0.0 17.2 13.7  3.4 20.6  0.0  0.0  0.0  0.0  0.0  0.0  0.0  0.0
  0.0  0.0  0.0  0.0  0.0  0.0  0.0  6.9 10.3 20.6 37.8  6.9  0.0  6.9 10.3
  0.0  6.9 10.3  0.0  3.4  0.0  6.9 27.5 10.3 20.6  3.4  0.0  6.9  3.4  0.0
    -14.95     -2.89      9.89     -3.93      1.19  0.0  0.0  0.0  0.0  0.0
                                                brff1090.txt 33.3  5.0  506
  9.9  0.0  0.0 92.9  0.0  2.0  7.9  0.0  0.0 11.9  4.0  2.0  0.0  0.0  0.0
  4.0  0.0  5.9 13.8  0.0  0.0310.3108.7 55.3  9.9  9.9  9.9  0.0  2.0  7.9
  2.0  2.0 73.1  4.0  0.0 27.7 23.7  9.9  2.0  2.0  5.9  4.0 13.8 11.9  0.0
  2.0  0.0  7.9  0.0 11.9 21.7 19.8 13.8  0.0 11.9 69.2  9.9  0.0132.4  9.9
  2.0  0.0  0.0  0.0  0.0  0.0  0.0  0.0  0.0  0.0  0.0  0.0  0.0  0.0  0.0
  0.0  0.0  0.0  0.0  0.0  4.0  5.9  0.0  0.0  4.0  0.0  0.0  0.0  0.0  0.0
  0.0  4.0  5.9  2.0  0.0  2.0  0.0  4.0  0.0  2.0  0.0  0.0  2.0  0.0  0.0
  9.9  4.0  0.0 13.8 11.9  5.9 19.8  2.0  0.0  0.0  0.0  0.0  0.0  0.0  0.0
  0.0  0.0  0.0  0.0  0.0  0.0  0.0 13.8 15.8  5.9 45.5  4.0  0.0 17.8 17.8
  2.0  4.0  0.0  0.0  2.0  7.9  2.0 27.7  5.9 19.8 11.9  0.0 11.9  0.0  0.0
    -11.97     -3.06     10.99      1.69      7.45  0.0  2.0  0.0  0.0  0.0
                                                brff1091.txt 32.0  5.0  383
  5.2  0.0  2.6114.9  0.0  0.0  2.6  0.0  2.6 23.5  2.6  0.0  0.0  2.6  0.0
  0.0  0.0  7.8  0.0  2.6  0.0289.8114.9 31.3  7.8 18.3  7.8  5.2  0.0 13.1
  2.6  2.6 73.1 13.1  0.0 26.1 18.3  2.6  2.6  0.0  0.0  5.2  5.2 13.1  2.6
  0.0  5.2  7.8  2.6  5.2 10.4  7.8 15.7  2.6 15.7 47.0 20.9  7.8141.0 10.4
  5.2  0.0  0.0  0.0  0.0  0.0  0.0  0.0  0.0  0.0  0.0  0.0  0.0  0.0  0.0
  0.0  0.0  0.0  7.8  0.0  0.0  0.0  0.0  0.0  0.0  0.0  0.0  5.2  0.0  0.0
  0.0  0.0  2.6  0.0  0.0  0.0  0.0  0.0  0.0  0.0  0.0  0.0  0.0  0.0  0.0
  7.8  0.0  5.2 13.1  2.6  0.0  2.6  0.0  0.0  0.0  0.0  0.0  0.0  0.0  0.0
  0.0  0.0  0.0  0.0  0.0  0.0  0.0 39.2  7.8 10.4 44.4  2.6  2.6  5.2  5.2
 10.4  0.0  2.6  0.0  0.0  2.6  0.0 15.7 10.4  7.8  2.6  7.8 13.1  7.8  0.0
    -11.20     -2.18     10.71     -3.05      3.62  2.6  0.0  0.0  0.0  0.0
                                                brff1092.txt 30.0  5.0  368
  5.4  0.0  2.7 87.0  0.0  0.0  0.0  0.0  0.0  8.2  2.7  5.4  0.0  2.7  0.0
  2.7  2.7  8.2  5.4  0.0  2.7301.6125.0 43.5  5.4 27.2  0.0  0.0  2.7  2.7
  0.0  0.0100.5  2.7  0.0 43.5 16.3  5.4  0.0  2.7  0.0  2.7 13.6 13.6  0.0
  0.0  2.7  5.4  2.7  2.7 13.6 16.3 13.6  2.7  5.4 67.9 27.2 10.9103.3  2.7
  5.4  0.0  0.0  0.0  0.0  0.0  0.0  0.0  0.0  0.0  0.0  0.0  0.0  0.0  0.0
  0.0  0.0  0.0  0.0  0.0  0.0  0.0  0.0  0.0  0.0  0.0  0.0  0.0  0.0  0.0
  0.0  0.0  2.7  2.7  0.0  0.0  0.0  0.0  0.0  0.0  0.0  0.0  5.4  2.7  0.0
  0.0  0.0  0.0  0.0  5.4  0.0  5.4  8.2  0.0  0.0  0.0  0.0  0.0  0.0  0.0
  0.0  0.0  0.0  0.0  0.0  0.0  0.0 27.2  2.7  2.7 70.7 10.9  0.0  8.2  8.2
  5.4  0.0  0.0  2.7  2.7  0.0  5.4 10.9  5.4  2.7  5.4  0.0  2.7  5.4  0.0
     -7.81     -4.34      7.67     -2.99      6.92  2.7  0.0  0.0  0.0  0.0
                                                brff1093.txt 28.8  5.3  379
  5.3  0.0  0.0 97.6  0.0  0.0  7.9  0.0  0.0  7.9  2.6  0.0  0.0  0.0  0.0
  0.0  0.0  0.0  5.3  0.0  0.0290.2113.5 60.7 31.7  5.3  2.6  0.0  2.6  7.9
  0.0  2.6105.5  7.9  0.0 15.8 26.4  0.0  0.0  0.0  5.3  5.3  7.9 15.8  2.6
  2.6  0.0  7.9  5.3  0.0  5.3  7.9 21.1  0.0 10.6 76.5  5.3  2.6153.0  5.3
 10.6  0.0  0.0  0.0  0.0  0.0  0.0  0.0  0.0  0.0  0.0  0.0  0.0  0.0  0.0
  0.0  0.0  0.0  2.6  0.0  0.0  7.9  0.0  0.0  0.0  0.0  0.0  0.0  0.0  0.0
  0.0  5.3  2.6  0.0  0.0  2.6  0.0  0.0  0.0  2.6  0.0  0.0  0.0  0.0  0.0
 10.6  0.0  0.0 10.6  7.9  2.6 13.2  0.0  0.0  0.0  0.0  0.0  0.0  0.0  0.0
  0.0  0.0  0.0  0.0  0.0  0.0  0.0 15.8 31.7  7.9 36.9  0.0  0.0  5.3  0.0
 18.5  5.3  0.0  0.0  2.6  2.6  5.3 13.2  2.6 13.2  0.0 21.1 10.6  0.0  0.0
    -20.40     -3.94     11.63     -1.98      6.60  0.0  0.0  0.0  0.0  0.0
                                                brff1094.txt 30.0  4.9  569
  3.5  0.0  1.8 86.1  0.0  0.0  8.8  3.5  5.3 14.1  7.0  0.0  0.0  1.8  0.0
  5.3  0.0  5.3  8.8  0.0  0.0258.3142.4 58.0 15.8 10.5  5.3  5.3  0.0  5.3
  0.0  1.8 80.8  1.8  0.0 54.5 14.1  3.5  1.8  3.5  1.8  3.5 19.3 12.3  0.0
  0.0  0.0 10.5  0.0 17.6 10.5 14.1 12.3  0.0  5.3 98.4 15.8  1.8123.0 10.5
  3.5  0.0  0.0  0.0  0.0  0.0  0.0  0.0  0.0  0.0  0.0  0.0  0.0  0.0  0.0
  0.0  0.0  0.0  5.3  3.5  0.0  3.5  0.0  0.0  1.8  0.0  0.0  0.0  0.0  0.0
  0.0  0.0  3.5  1.8  0.0  1.8  0.0  3.5  0.0  1.8  0.0  0.0  3.5  0.0  0.0
 12.3  1.8  0.0 14.1  5.3  5.3 12.3  3.5  0.0  0.0  0.0  0.0  0.0  0.0  0.0
  0.0  0.0  0.0  0.0  0.0  0.0  0.0  1.8 22.8 10.5 17.6  0.0  5.3 19.3 10.5
 14.1  3.5  0.0  0.0  0.0  0.0  1.8  8.8  8.8 17.6  1.8  7.0  5.3  1.8  0.0
    -12.25     -2.75      6.28     -1.36     10.32  3.5  0.0  0.0  0.0  0.0
                                                brff1095.txt 28.5  4.9  254
 11.8  3.9  0.0102.4  0.0  0.0  7.9  0.0  0.0 15.7  3.9  0.0  0.0  0.0  0.0
  0.0  0.0 15.7  0.0  0.0  0.0318.9145.7 19.7 11.8 11.8  3.9  0.0  0.0  0.0
  3.9  0.0 39.4  0.0  3.9 39.4  7.9  0.0  0.0  0.0  0.0  7.9 23.6 15.7  7.9
  7.9  0.0  3.9  3.9  7.9 15.7  0.0 31.5  0.0  3.9 39.4 11.8  7.9106.3  0.0
 11.8  3.9  0.0  0.0  0.0  0.0  0.0  0.0  0.0  0.0  0.0  0.0  0.0  0.0  0.0
  0.0  0.0  0.0  0.0  0.0  0.0  3.9  3.9  0.0  0.0  0.0  0.0  3.9  0.0  0.0
  0.0  0.0  0.0  0.0  0.0  0.0  0.0  0.0  0.0  0.0  0.0  0.0  0.0  0.0  0.0
  3.9  3.9  3.9 11.8  0.0  0.0  0.0  0.0  0.0  0.0  0.0  0.0  0.0  0.0  0.0
  0.0  0.0  0.0  0.0  0.0  0.0  0.0 27.6  7.9  3.9 70.9  7.9  0.0  7.9 11.8
  3.9  0.0  0.0  0.0  3.9  0.0  0.0 19.7  0.0 15.7  7.9  3.9  3.9  0.0  0.0
    -12.80     -4.06      3.89     -3.46     22.12  0.0  0.0  3.9  0.0  0.0
                                                brff1096.txt 32.3  4.6  347
 25.9  2.9  0.0 86.5  0.0  0.0  5.8  0.0 43.2 11.5  0.0  0.0  0.0  0.0  0.0
  0.0  0.0 14.4  5.8  0.0  2.9213.3109.5 49.0 31.7 20.2  0.0  2.9  0.0  8.6
  0.0  8.6 51.9  5.8  0.0 43.2 23.1 11.5  0.0  8.6  5.8  5.8 14.4 14.4  0.0
  0.0  8.6  2.9  2.9  2.9 31.7 31.7 14.4  0.0  8.6 80.7 63.4  2.9152.7  8.6
  2.9  5.8  0.0  0.0  0.0  0.0  0.0  0.0  0.0  0.0  0.0  0.0  0.0  0.0  0.0
  0.0  0.0  0.0  2.9  0.0  2.9  2.9  2.9  2.9  0.0  0.0  0.0  2.9  2.9  0.0
  0.0  0.0  8.6  2.9  2.9  0.0  0.0  2.9  0.0  0.0  0.0  0.0  5.8  5.8  0.0
  8.6  5.8  5.8 20.2 11.5  5.8 17.3 11.5  0.0  0.0  0.0  0.0  0.0  0.0  0.0
  0.0  0.0  0.0  0.0  0.0  0.0  0.0 14.4  2.9 11.5 49.0  5.8  0.0  0.0  2.9
  0.0  2.9  0.0  0.0  0.0  0.0  2.9 31.7  5.8 37.5  0.0  0.0 17.3  2.9  0.0
     -6.56     -3.25      8.00      5.12      7.56  5.8  0.0  2.9  0.0  0.0
                                                brff1097.txt 28.0  5.1  553
  5.4  0.0  0.0 90.4  0.0  0.0 10.8  0.0  0.0 14.5  0.0  9.0  0.0  1.8  0.0
  0.0  0.0 10.8  0.0  1.8  0.0264.0126.6 57.9 23.5  3.6  0.0  0.0  1.8 12.7
  0.0  0.0 99.5  1.8  0.0 28.9 32.5  1.8  0.0  0.0  1.8  0.0 16.3 23.5  0.0
  5.4  1.8  7.2  0.0 10.8 14.5 10.8 28.9  1.8 14.5 88.6  3.6  5.4142.9  1.8
  0.0  0.0  0.0  0.0  0.0  0.0  0.0  0.0  0.0  0.0  0.0  0.0  0.0  0.0  0.0
  0.0  0.0  0.0  9.0  0.0  3.6  0.0  3.6  0.0  1.8  0.0  0.0  0.0  0.0  0.0
  0.0  0.0  5.4  7.2  0.0  1.8  0.0  1.8  7.2  0.0  1.8  0.0  0.0  0.0  0.0
 12.7  5.4  0.0 18.1 12.7 10.8 23.5  1.8  0.0  0.0  0.0  0.0  0.0  0.0  0.0
  0.0  0.0  0.0  0.0  0.0  0.0  0.0 14.5 18.1 10.8 36.2  3.6  1.8  9.0  5.4
  0.0  1.8  3.6  0.0  0.0  7.2  5.4 28.9  3.6 12.7  0.0  3.6 25.3  0.0  0.0
     -8.45     -4.79     13.11     -5.31     11.86  0.0  0.0  3.6  0.0  0.0
                                                brmg1107.txt 32.3  4.9  443
 11.3  0.0  0.0110.6  0.0  4.5  2.3  4.5 18.1 13.5  0.0  0.0  0.0  6.8  0.0
  4.5  2.3 11.3  2.3  0.0  0.0257.3 85.8 58.7  6.8 22.6  0.0  0.0  0.0  0.0
  0.0  4.5 81.3  4.5  0.0 31.6 15.8  6.8  2.3  0.0  0.0  4.5 11.3 13.5  4.5
  0.0  2.3  9.0  4.5  4.5 18.1  9.0 18.1  2.3  0.0 99.3 40.6  6.8142.2 13.5
 13.5  0.0  0.0  0.0  0.0  0.0  0.0  0.0  0.0  0.0  0.0  0.0  0.0  0.0  0.0
  0.0  0.0  0.0  6.8  0.0  0.0  6.8  0.0  0.0  0.0  0.0  0.0  0.0  0.0  0.0
  0.0  0.0  4.5  4.5  0.0  0.0  0.0  0.0  0.0  0.0  0.0  0.0  0.0  0.0  0.0
 13.5  0.0  0.0 13.5  9.0  0.0  9.0  0.0  0.0  0.0  0.0  0.0  0.0  0.0  0.0
  0.0  0.0  0.0  0.0  0.0  2.3  0.0 13.5 20.3  4.5 20.3 11.3  0.0 11.3 18.1
  0.0  2.3  9.0  0.0  0.0  0.0  9.0 38.4  9.0 18.1  6.8  0.0 11.3  0.0  0.0
     -2.34     -4.50      5.20     -2.46      8.95  0.0  0.0  0.0  0.0  0.0
                                                brmg1108.txt 33.8  5.1  570
  8.8  3.5  1.8107.0  0.0  0.0  1.8  0.0  0.0 22.8  1.8  5.3  0.0  5.3  0.0
  1.8  0.0 14.0  5.3  0.0  0.0273.7101.8 64.9  8.8  5.3 19.3  3.5  0.0  1.8
  1.8  8.8 78.9  1.8  1.8 29.8 14.0  7.0  1.8  0.0  3.5  1.8  8.8 14.0  0.0
  1.8  0.0 14.0  0.0  0.0 24.6 19.3 15.8  0.0  3.5 82.5  5.3  0.0124.6  8.8
  7.0  1.8  0.0  0.0  0.0  0.0  0.0  0.0  0.0  0.0  0.0  0.0  0.0  0.0  0.0
  0.0  0.0  0.0 14.0  0.0  3.5  1.8  1.8  0.0  0.0  0.0  1.8  1.8  0.0  0.0
  0.0  1.8  1.8  0.0  0.0  0.0  0.0  0.0  0.0  1.8  0.0  0.0  0.0  0.0  0.0
 19.3  1.8  3.5 24.6  3.5  0.0  5.3  0.0  0.0  0.0  0.0  0.0  0.0  0.0  0.0
  0.0  0.0  0.0  0.0  0.0  0.0  1.8 14.0 10.5 14.0 36.8  5.3  0.0 10.5  5.3
  3.5  5.3  7.0  0.0  5.3  3.5 14.0 33.3  7.0 12.3 10.5 12.3 12.3  3.5  0.0
     -6.48     -0.84      9.47     -2.00      4.55  1.8  0.0  3.5  0.0  0.0
                                                brmg1109.txt 30.3  4.4  375
 24.0  2.7  0.0104.0  0.0  0.0  2.7 13.3 18.7 24.0 13.3  2.7  0.0  0.0  0.0
  0.0  0.0  2.7 13.3  5.3  5.3232.0109.3 24.0  5.3 29.3  0.0  2.7  8.0  5.3
  2.7  0.0 45.3  2.7  0.0 74.7 16.0 10.7  5.3  5.3  2.7  5.3 16.0  0.0  0.0
  0.0 10.7 16.0  5.3  2.7 16.0 32.0  0.0  5.3 16.0 34.7 48.0  2.7133.3  8.0
  5.3  0.0  0.0  0.0  0.0  0.0  0.0  0.0  0.0  0.0  0.0  0.0  0.0  0.0  0.0
  0.0  0.0  0.0  8.0  0.0  5.3 10.7  2.7  0.0  0.0  0.0  0.0  2.7  0.0  2.7
  0.0  2.7  0.0  0.0  0.0  0.0  0.0  0.0  2.7  0.0  0.0  0.0 13.3  8.0  0.0
 24.0  2.7  2.7 29.3  5.3  2.7  8.0 21.3  0.0  0.0  0.0  0.0  0.0  0.0  0.0
  0.0  0.0  0.0  0.0  0.0  0.0  2.7 21.3 16.0 13.3 26.7  2.7  0.0 10.7  5.3
  0.0  0.0  0.0  0.0  2.7  0.0  2.7 10.7  8.0 29.3  2.7  2.7 16.0  2.7  0.0
      5.78     -3.75      8.91      3.48      6.37  5.3  0.0  2.7  0.0  0.0
                                                brmg1110.txt 27.3  5.0  527
  1.9  0.0  0.0100.6  0.0  0.0  1.9  3.8 62.6  9.5  1.9  0.0  0.0  3.8  0.0
  0.0  0.0  5.7  7.6  0.0  0.0241.0132.8 34.2  7.6 20.9 28.5  1.9  1.9  1.9
  0.0  1.9 81.6  9.5  1.9 24.7 17.1  1.9  1.9  5.7  0.0  1.9  7.6 11.4  0.0
  3.8  9.5 11.4  0.0  7.6  7.6 24.7 15.2  0.0  3.8 60.7 83.5  7.6130.9  9.5
  0.0  3.8  0.0  0.0  0.0  0.0  0.0  0.0  0.0  0.0  0.0  0.0  0.0  0.0  0.0
  0.0  0.0  0.0  3.8  0.0  0.0  1.9  0.0  3.8  0.0  0.0  0.0  0.0  0.0  1.9
  0.0  5.7  1.9  0.0  0.0  0.0  0.0  0.0  0.0  7.6  0.0  0.0  0.0  0.0  0.0
  5.7  3.8  0.0  9.5  9.5  0.0 17.1  0.0  0.0  0.0  0.0  0.0  0.0  0.0  0.0
  0.0  0.0  0.0  0.0  0.0  0.0  0.0  7.6  3.8  9.5 43.6  3.8  1.9  1.9  7.6
  0.0  1.9  1.9  0.0  1.9  3.8 13.3 32.3  3.8  7.6  0.0  1.9 11.4  0.0  0.0
    -11.54      1.27      4.74     -2.19      4.07  5.7  0.0  1.9  0.0  0.0
                                                brmg1111.txt 32.5  4.6  738
 13.6  1.4  0.0 96.2  0.0  5.4  5.4  5.4 47.4 10.8  1.4  0.0  0.0 10.8  2.7
  2.7  1.4 14.9  4.1  1.4  1.4220.9109.8 48.8 10.8 20.3  4.1  0.0  0.0  2.7
  0.0  0.0 66.4  5.4  0.0 42.0 14.9 10.8  0.0  1.4  5.4  4.1  8.1  6.8  1.4
  2.7  4.1  4.1  4.1  1.4 31.2  9.5 10.8  2.7  2.7 69.1 67.8  6.8130.1 10.8
  4.1  1.4  0.0  0.0  0.0  0.0  0.0  0.0  0.0  0.0  0.0  0.0  0.0  0.0  0.0
  0.0  0.0  0.0  4.1  1.4  0.0  0.0  0.0  1.4  0.0  0.0  1.4  1.4  0.0  0.0
  0.0  0.0  5.4  0.0  1.4  1.4  0.0  0.0  0.0  0.0  0.0  0.0  1.4  1.4  0.0
  5.4  1.4  2.7  9.5  5.4  2.7  8.1  2.7  0.0  0.0  0.0  0.0  0.0  0.0  0.0
  0.0  0.0  0.0  0.0  0.0  0.0  0.0  5.4 21.7  5.4 29.8  2.7  2.7  6.8  1.4
  1.4  1.4  8.1  0.0  2.7  1.4  5.4 48.8  8.1 13.6  2.7  2.7  2.7  1.4  0.0
      6.29     -3.69      3.00      0.80      4.40  1.4  0.0  2.7  0.0  0.0
                                                brmg1112.txt 35.8  4.9  797
  7.5  1.3  1.3 67.8  0.0  1.3  3.8 11.3  6.3  8.8  5.0  1.3  0.0  3.8  1.3
  5.0  0.0  1.3  1.3  0.0  0.0263.5114.2 64.0 21.3 30.1  5.0  5.0  2.5  2.5
  0.0  5.0 65.2  1.3  5.0 40.2 17.6 10.0  1.3  2.5  7.5  7.5 12.5  7.5  1.3
  0.0  6.3 11.3  5.0  6.3 18.8 16.3  8.8  0.0  5.0 87.8 36.4  1.3115.4  7.5
  5.0  1.3  0.0  0.0  0.0  0.0  0.0  0.0  0.0  0.0  0.0  0.0  0.0  0.0  0.0
  0.0  0.0  0.0  3.8  2.5  2.5  3.8  0.0  1.3  1.3  0.0  0.0  1.3  0.0  0.0
  0.0  1.3  0.0  1.3  1.3  1.3  0.0  0.0  0.0  1.3  0.0  0.0  3.8  0.0  0.0
 12.5  2.5  1.3 16.3  2.5  2.5  6.3  3.8  0.0  0.0  0.0  0.0  0.0  0.0  0.0
  0.0  0.0  0.0  0.0  0.0  0.0  0.0 16.3  7.5 12.5 20.1  6.3  3.8 15.1  5.0
  7.5  5.0 10.0  0.0  3.8  1.3  6.3 23.8  5.0 15.1  2.5 12.5  7.5  0.0  0.0
    -11.31     -1.79      5.98      3.93      6.32  2.5  0.0  0.0  0.0  0.0
                                                brmg1113.txt 31.0  5.4  619
  8.1  3.2  0.0 92.1  0.0  0.0  4.8  6.5  8.1 21.0  0.0  1.6  0.0  1.6  0.0
  0.0  0.0  6.5  6.5  0.0  0.0248.8 95.3 96.9  1.6 12.9  4.8  0.0  0.0  0.0
  0.0 12.9 92.1  4.8  0.0 61.4 11.3  8.1  1.6  1.6  3.2  4.8 14.5 12.9  0.0
  0.0  8.1  6.5  4.8  9.7 17.8 30.7 12.9  0.0  0.0124.4 21.0  8.1109.9  4.8
  4.8  0.0  0.0  0.0  0.0  0.0  0.0  0.0  0.0  0.0  0.0  0.0  0.0  0.0  0.0
  0.0  0.0  0.0  3.2  0.0  4.8  1.6  0.0  0.0  1.6  0.0  1.6  0.0  0.0  0.0
  0.0  3.2  1.6  0.0  1.6  0.0  0.0  0.0  1.6  0.0  1.6  0.0  6.5  6.5  0.0
  9.7  1.6  1.6 12.9  4.8  3.2  8.1 14.5  0.0  0.0  0.0  0.0  0.0  0.0  0.0
  0.0  0.0  0.0  0.0  0.0  0.0  0.0  0.0 27.5 22.6 46.8  0.0  1.6  3.2  0.0
  6.5  6.5  1.6  0.0  1.6 17.8  8.1 14.5  1.6 17.8 12.9  6.5  8.1  0.0  0.0
    -12.98     -4.17      7.28      0.05      7.42  3.2  0.0  1.6  0.0  0.0
                                                brmg1114.txt 32.0  4.5  501
 12.0  4.0  4.0 87.8  0.0  2.0  0.0  6.0 24.0 25.9  2.0  6.0  0.0  6.0  4.0
  0.0  0.0 20.0 18.0  0.0  0.0263.5 79.8 20.0 18.0 39.9 10.0  6.0  0.0  2.0
  0.0  2.0 87.8  2.0  0.0 55.9 22.0  4.0  0.0  4.0  8.0 10.0 10.0  4.0  0.0
  0.0  4.0 12.0  6.0  2.0 31.9 33.9  4.0  0.0  2.0 31.9 63.9  6.0135.7 14.0
  8.0  0.0  0.0  0.0  0.0  0.0  0.0  0.0  0.0  0.0  0.0  0.0  0.0  0.0  0.0
  0.0  0.0  0.0  6.0  4.0  0.0  2.0  0.0  0.0  0.0  0.0  0.0  0.0  0.0  0.0
  0.0  0.0  2.0  0.0  0.0  0.0  0.0  0.0  0.0  0.0  0.0  0.0  6.0  4.0  0.0
 12.0  0.0  0.0 12.0  2.0  0.0  2.0 10.0  0.0  0.0  0.0  0.0  0.0  0.0  0.0
  0.0  0.0  0.0  0.0  0.0  0.0  0.0 10.0 10.0  6.0 27.9  0.0  8.0 10.0  0.0
  0.0  4.0  2.0  0.0  0.0  0.0  0.0 33.9 16.0 18.0  0.0  0.0  4.0  2.0  0.0
      9.02     -0.33      5.06      3.95      3.22  0.0  0.0  0.0  0.0  0.0
                                                brmg1115.txt 30.3  5.3  499
 18.0  2.0  0.0114.2  0.0  0.0  4.0  4.0  8.0 14.0  0.0  2.0  0.0  4.0  0.0
  2.0  0.0  4.0  0.0  0.0  2.0290.6 94.2 72.1  6.0 18.0  8.0  2.0  2.0  4.0
  0.0  4.0 78.2  4.0  0.0 44.1 18.0 14.0 12.0  6.0  6.0  6.0 10.0  8.0  0.0
  2.0  4.0  8.0 10.0 10.0 24.0 16.0 10.0  0.0  6.0 90.2 26.1  4.0142.3  4.0
  2.0  0.0  0.0  0.0  0.0  0.0  0.0  0.0  0.0  0.0  0.0  0.0  0.0  0.0  0.0
  0.0  0.0  0.0  8.0  0.0  2.0  0.0  0.0  0.0  0.0  0.0  0.0  0.0  0.0  0.0
  0.0  6.0  6.0  2.0  0.0  0.0  0.0  0.0  0.0  0.0  0.0  0.0  4.0  4.0  0.0
 10.0  0.0  0.0 10.0 14.0  0.0 14.0  8.0  0.0  0.0  0.0  0.0  0.0  0.0  0.0
  0.0  0.0  0.0  0.0  0.0  0.0  0.0 14.0 24.0 28.1 34.1  2.0  2.0  4.0  4.0
 18.0  2.0  0.0  0.0  4.0  4.0  4.0 32.1  6.0 26.1  6.0  4.0  8.0  2.0  0.0
    -12.12     -2.82      7.42      8.61      4.50  0.0  0.0  2.0  0.0  0.0
                                                brmg1116.txt 33.5  4.7  509
 15.7  0.0  0.0 88.4  0.0  0.0  2.0  3.9  0.0 13.8  9.8  3.9  0.0  3.9  0.0
  5.9  0.0  5.9  9.8  0.0  2.0231.8104.1 66.8 15.7 25.5  5.9  0.0  0.0  2.0
  0.0  3.9 68.8  2.0  0.0 45.2 29.5  9.8  2.0  3.9  5.9  0.0  7.9 13.8  0.0
  0.0  3.9  3.9  3.9  9.8 21.6 25.5 13.8  0.0  2.0 94.3 25.5  2.0133.6  3.9
  3.9  0.0  0.0  0.0  0.0  0.0  0.0  0.0  0.0  0.0  0.0  0.0  0.0  0.0  0.0
  0.0  0.0  0.0  2.0  0.0  3.9  0.0  0.0  0.0  2.0  0.0  0.0  0.0  0.0  0.0
  0.0  0.0  2.0  0.0  0.0  0.0  0.0  3.9  0.0  3.9  0.0  2.0  2.0  2.0  0.0
  5.9  2.0  0.0  7.9  2.0  3.9  9.8  5.9  0.0  0.0  0.0  0.0  0.0  0.0  0.0
  0.0  0.0  0.0  0.0  0.0  0.0  0.0 15.7 17.7  9.8 23.6  2.0  0.0 27.5  5.9
 15.7  7.9  0.0  0.0  7.9  5.9  0.0 23.6  0.0 25.5  2.0  7.9  3.9  9.8  0.0
     -5.30     -2.94      5.06      0.96      3.37  3.9  0.0  0.0  0.0  0.0
                                                brmg1117.txt 31.3  5.0  508
 11.8  0.0  0.0 92.5  0.0  0.0  0.0  0.0  2.0 13.8  2.0  2.0  0.0  3.9  0.0
  0.0  0.0 11.8  2.0  0.0  0.0289.4133.9 45.3  5.9 17.7  7.9  2.0  0.0  2.0
  2.0  7.9 86.6  2.0  0.0 49.2  7.9  7.9  0.0  2.0  0.0 11.8 11.8  9.8  3.9
  0.0  2.0  2.0  3.9  5.9 19.7 15.7 13.8  0.0  3.9 57.1 19.7  3.9118.1 17.7
  9.8  0.0  0.0  0.0  0.0  0.0  0.0  0.0  0.0  0.0  0.0  0.0  0.0  0.0  0.0
  0.0  0.0  0.0  3.9  0.0  0.0  0.0  0.0  0.0  0.0  0.0  0.0  3.9  0.0  0.0
  0.0  2.0  3.9  0.0  0.0  0.0  0.0  0.0  0.0  2.0  0.0  0.0  5.9  0.0  0.0
  3.9  0.0  3.9  7.9  5.9  0.0  7.9  5.9  0.0  0.0  0.0  0.0  0.0  0.0  0.0
  0.0  0.0  0.0  0.0  0.0  0.0  0.0 13.8  3.9  9.8 39.4  5.9  2.0  3.9  3.9
  0.0  0.0  3.9  0.0  2.0  0.0  7.9 21.7  3.9 21.7  2.0  2.0  7.9  2.0  0.0
    -14.00     -2.87      9.32      0.89      8.28  5.9  0.0  5.9  0.0  0.0
                                                brmg1118.txt 33.0  5.0  532
  1.9  1.9  0.0 73.3  0.0  0.0  0.0  0.0  9.4 11.3  0.0  1.9  0.0  1.9  0.0
  0.0  0.0  0.0  7.5  0.0  0.0306.4101.5 47.0 28.2 35.7 16.9  1.9  0.0  0.0
  0.0  7.5 94.0  3.8  5.6 35.7 15.0  3.8  0.0  0.0  0.0  0.0  7.5  7.5  0.0
  0.0  3.8  3.8  1.9  9.4  3.8 20.7  7.5  0.0  0.0 69.5 45.1  3.8127.8  9.4
  5.6  0.0  0.0  0.0  0.0  0.0  0.0  0.0  0.0  0.0  0.0  0.0  0.0  0.0  0.0
  0.0  0.0  0.0  3.8  0.0  0.0  0.0  1.9  0.0  1.9  0.0  0.0  0.0  1.9  0.0
  0.0  0.0  0.0  0.0  0.0  0.0  0.0  1.9  1.9  0.0  1.9  0.0  1.9  0.0  0.0
  3.8  3.8  1.9  9.4  0.0  3.8  3.8  3.8  0.0  0.0  0.0  0.0  0.0  0.0  0.0
  0.0  0.0  0.0  0.0  0.0  0.0  0.0  7.5 15.0  0.0 35.7  3.8  1.9  5.6  3.8
  7.5  1.9  0.0  0.0  0.0  5.6  5.6 22.6  5.6 11.3  1.9  5.6  9.4  0.0  0.0
    -18.01      0.39      5.52     -5.71      2.21  3.8  0.0  1.9  0.0  0.0
                                                brmg1119.txt 25.5  4.4  517
 29.0  1.9  9.7143.1  1.9  0.0  1.9  1.9 63.8  7.7  5.8  3.9  0.0  1.9  0.0
  3.9  0.0 13.5  9.7  1.9  0.0210.8 81.2 21.3  5.8 15.5  1.9  1.9  0.0  0.0
  0.0  0.0 56.1  1.9  3.9 30.9 25.1 19.3  5.8  1.9  1.9  0.0  3.9  0.0  0.0
  0.0  0.0 21.3  1.9 19.3 34.8 15.5  0.0  1.9  0.0 56.1 81.2  7.7164.4  3.9
 17.4  1.9  0.0  0.0  0.0  0.0  0.0  0.0  0.0  0.0  0.0  0.0  0.0  0.0  0.0
  0.0  0.0  0.0  3.9  0.0  5.8 17.4  0.0  1.9  0.0  0.0  0.0  0.0  0.0  0.0
  3.9  1.9  3.9  0.0  0.0  1.9  0.0  0.0  0.0  1.9  0.0  0.0  3.9  0.0  0.0
 27.1  1.9  0.0 29.0  9.7  1.9 13.5  3.9  0.0  0.0  0.0  0.0  0.0  0.0  0.0
  0.0  0.0  0.0  0.0  0.0  0.0  0.0 23.2 21.3  5.8 23.2  3.9  1.9 19.3  5.8
 21.3  0.0  1.9  0.0  3.9  5.8  0.0 13.5  9.7 30.9  5.8  3.9  9.7  3.9  0.0
      5.62     -4.12      1.42      1.67     -1.21  0.0  0.0  0.0  0.0  0.0
                                                brmg1120.txt 31.5  4.8  543
 20.3  1.8  0.0 97.6  0.0  1.8  1.8  3.7  0.0 14.7  3.7  0.0  0.0  5.5  0.0
  1.8  0.0 14.7 11.0  3.7  1.8222.8110.5 55.2 11.0 46.0  7.4  0.0  0.0  5.5
  0.0  1.8 73.7  0.0  0.0 25.8 18.4  0.0  7.4  5.5 11.0  3.7  9.2  9.2  0.0
  3.7  7.4  7.4  5.5  9.2 25.8 25.8 12.9  3.7  5.5 79.2 46.0  7.4128.9  9.2
  1.8  0.0  0.0  0.0  0.0  0.0  0.0  0.0  0.0  0.0  0.0  0.0  0.0  0.0  0.0
  0.0  0.0  0.0  5.5  0.0  3.7  0.0  0.0  0.0  1.8  0.0  0.0  0.0  0.0  0.0
  0.0  1.8  0.0  0.0  0.0  7.4  0.0  3.7  1.8  0.0  1.8  0.0  1.8  0.0  0.0
  9.2  1.8  0.0 11.0  1.8 12.9 14.7  3.7  0.0  0.0  0.0  0.0  0.0  0.0  0.0
  0.0  0.0  0.0  0.0  0.0  0.0  0.0 36.8 18.4  7.4 18.4  1.8  0.0  3.7 11.0
  7.4  0.0  0.0  0.0  7.4  7.4  0.0 20.3 12.9 35.0  0.0  1.8  7.4  0.0  0.0
     -0.42     -1.90      8.07      5.02      4.71  5.5  0.0  0.0  0.0  0.0
